 2.1331062    4.4714103    1.1138989    0.1
 6.542512    13.731147     4.18019      0.19999999
16.684763    27.183475    26.206291     0.29999998
15.366501     1.113761    46.758015     0.39999998
  1.1985673   -8.867137    32.454933     0.4999999
 -4.8330846   -8.061257    26.673193     0.5999999
 -7.049297    -8.747473    24.890009     0.7
 -8.635493   -10.095679    25.646645     0.7999999
 -9.692238   -10.157859    28.030338     0.9
 -9.378617    -8.357058    29.362411     1.
 -8.078622    -6.7701483   28.183493     1.0999999
 -7.173356    -6.7833514   25.975988     1.1999999
 -7.362005    -8.099724    24.554201     1.3
 -8.484763    -9.849693    25.08101      1.4
 -9.672351   -10.432031    27.517393     1.5
 -9.643955    -8.808678    29.441092     1.5999999
 -8.34631     -6.872979    28.670717     1.6999999
 -7.199066    -6.5360956   26.375975     1.8
 -7.1462774   -7.694509    24.57325      1.8999999
 -8.173445    -9.562006    24.620573     1.9999999
 -9.540967   -10.628621    26.905523     2.1
 -9.871171    -9.329394    29.379372     2.1999998
 -8.667182    -7.0827684   29.159292     2.3
 -7.2891765   -6.332047    26.865263     2.3999999
 -6.9595065   -7.272368    24.70309      2.4999998
 -7.8345323   -9.179593    24.227144     2.5999997
 -9.321426   -10.703234    26.20025      2.6999998
-10.0417795   -9.889896    29.133924     2.7999997
 -9.036872    -7.4210706   29.614706     2.8999996
 -7.4566693   -6.19092     27.44193      2.9999998
 -6.8160014   -6.846848    24.955915     3.0999997
 -7.48139     -8.712599    23.931799     3.1999998
 -9.012873   -10.626612    25.438871     3.2999997
-10.125323   -10.444978    28.670898     3.3999996
 -9.440142    -7.908061    29.98788      3.4999998
 -7.7141414   -6.1393094   28.099096     3.5999997
 -6.732439    -6.433644    25.343021     3.6999998
 -7.13008     -8.176174    23.764471     3.7999997
 -8.621349   -10.379451    24.671734     3.8999996
-10.090705   -10.930607    27.971933     3.9999995
 -9.849604    -8.55456     30.210611     4.1
 -8.072634    -6.213019    28.820662     4.2
 -6.7288065   -6.051854    25.87473      4.2999997
 -6.799507    -7.5893216   23.753218     4.4
 -8.160303    -9.9563875   23.958677     4.5
 -9.910993   -11.268397    27.046        4.6
-10.22232     -9.349602    30.194921     4.7
 -8.5380125   -6.459335    29.574104     4.7999997
 -6.8292985   -5.7266736   26.559776     4.8999996
 -6.5119987   -6.973821    23.924158     4.9999995
 -7.6503797   -9.367845    23.36407      5.0999994
 -9.569375   -11.377022    25.93982      5.2
-10.498345   -10.242977    29.840315     5.2999997
 -9.104275    -6.9368434   30.298435     5.3999996
 -7.0629582   -5.494395    27.40332      5.4999995
 -6.2946987   -6.3538275   24.302227     5.5999994
 -7.1188107   -8.639142    22.951641     5.7000003
 -9.064988   -11.189773    24.742071     5.8
-10.604171   -11.127352    29.055761     5.9
 -9.742378    -7.7071733   30.886225     6.0000005
 -7.462815    -5.4107423   28.401426     6.1000004
 -6.1820216   -5.7570333   24.91225      6.2000003
 -6.598927    -7.807134    22.780642     6.3
 -8.416816   -10.673496    23.577246     6.4
-10.464402   -11.832502    27.80023      6.5
-10.384546    -8.808452    31.163088     6.6
 -8.061002    -5.563484    29.527672     6.7
 -6.2195477   -5.219158    25.780077     6.8
 -6.1307287   -6.915422    22.904696     6.9
 -7.6641574   -9.841258    22.589146     7.
-10.022558   -12.149653    26.133465     7.1
-10.908426   -10.1973095   30.881332     7.2
 -8.874129    -6.086666    30.70239      7.3
 -6.46914     -4.795379    26.931885     7.4
 -5.7639813   -6.0102124   23.37392      7.5
 -6.8638396   -8.752393    21.91976      7.6000004
 -9.266084   -11.895447    24.249685     7.7000003
-11.135444   -11.661258    29.768959     7.8
 -9.868903    -7.15973     31.729122     7.9
 -7.0128155   -4.5858464   28.386198     8.
 -5.5658855   -5.140074    24.24041      8.1
 -6.0864153   -7.498848    21.693        8.200001
 -8.243748   -10.994742    22.45927      8.3
-10.868179   -12.760275    27.684418     8.400001
-10.897755    -8.9363985   32.191418     8.5
 -7.9452734   -4.7872024   30.120602     8.6
 -5.6364026   -4.366637    25.566109     8.700001
 -5.4162      -6.1836004   22.011593     8.8
 -7.0640635   -9.530384    21.111795     8.9
 -9.981254   -12.9306135   24.847803     9.
-11.620577   -11.294901    31.389463     9.099999
 -9.322746    -5.7722635   31.956823     9.2
 -6.1335487   -3.8057249   27.428213     9.299999
 -4.9633145   -4.901829    22.971136     9.4
 -5.875461    -7.717304    20.504984     9.5
 -8.526016   -11.815829    21.937464     9.599999
-11.518547   -13.410227    28.630758     9.7
-10.99121     -8.08983     33.234074     9.8
 -7.2966      -3.7539039   29.892025     9.9
 -4.902811    -3.7433367   24.691973    10.