[10. 28. 2.6666666666666665]
[1. 1. 1. 0.]
[-9.37856997 -8.35703374 29.36232531  1.        ]
[-8.17350023 -9.5620229  24.62070417  2.        ]
[-7.45666029 -6.19099995 27.44180638  3.        ]
[-10.09069611 -10.93043888  27.97212624   4.        ]
[-6.51211751 -6.97404697 23.92413364  5.        ]
[-9.74211551 -7.70683609 30.88599974  6.        ]
[-7.66450332 -9.84166585 22.58955698  7.        ]
[-7.01248633 -4.58589511 28.38543646  8.        ]
[ -9.98185765 -12.93083039  24.84934165   9.        ]
[-4.90269086 -3.74390651 24.69081555 10.        ]
[-11.66346839 -14.81498274  27.17673593  11.        ]
[-3.34328661 -1.98218481 23.5960378  12.        ]
[-5.73756824 -9.83343493 13.8976115  13.        ]
[ 8.72418075 16.20938046 12.34776029 14.        ]
[-4.39419559 -2.06973158 25.91606073 15.        ]
[ -6.6010983  -10.83583244  15.89095108  16.        ]
[-15.2851872  -11.65696174  39.50245319  17.        ]
[ 0.78823284 -0.918394   22.3127165  18.        ]
[ 3.71241868  5.7399552  18.9161866  19.        ]
[13.83597512 13.01762432 34.93960007 20.        ]
[ 1.25989865 -1.06138397 23.79083328 21.        ]
[ 3.25274758  5.1527126  19.65400819 22.        ]
[13.7622234  15.26080837 32.42186953 23.        ]
[ 1.9148221  -1.25445274 25.47494467 24.        ]
[ 2.82831973  4.66885618 20.10295687 25.        ]
[13.19823037 16.9779112  28.79622387 26.        ]
[ 3.63613937 -1.96494995 29.27916649 27.        ]
[ 1.64513209  2.84622156 17.03618296 28.        ]
[-2.79178304 -5.21260478  9.34010379 29.        ]
[11.03634895  5.60983311 35.55121439 30.        ]
[ 1.32291005  1.32187713 18.05273224 31.        ]
[-5.53677177 -9.60274771 13.48513259 32.        ]
[14.11182461 21.35034076 25.57720627 33.        ]
[-2.66372514 -1.03865747 23.49513222 34.        ]
[-0.24636576 -0.39462188 11.65396329 35.        ]
[ 8.49817703 11.92454577 21.9655251  36.        ]
[ 5.5248358   2.81707895 27.3490563  37.        ]
[ 8.48807468 12.89368993 19.64292493 38.        ]
[ 6.04721295  0.56187588 30.76633581 39.        ]
